{"uid":"@TREE-d6fd85-1c8-174c6f0-2","object_class":"SceneTree","external_repository":null,"extra":{"editor":{"selected_node":"@NODE-d6fd85-185653-1494d2d-eb"},"viewport_layout":{"mode":1,"viewports":[{"name":"perspective","viewport":[0,0,1,1],"render_settings":null,"editor_camera":{"object_class":"Camera","uid":"@CAMd6fd85-499-1f10873-9","layers":255,"enabled":true,"type":1,"eye":[-0.6320286393165588,1.8754005432128906,2.026890516281128],"center":[0.1965266466140747,1.1885485649108887,0.07854250073432922],"up":[0,1,0],"near":0.1,"far":10000,"fov":45,"aspect":1,"orthographic":[-1,1,-1,1],"background_color":[0.23999999463558197,0.23999999463558197,0.23999999463558197,1],"frustum_size":50,"viewport":[0,0,1,1],"render_to_texture":false,"frame":null,"show_frame":true,"clear_color":true,"clear_depth":true},"scene_camera":null}]},"folder":"hplass/projects/KristinaNewModels/cf","filename":"ncf.scene.json","fullpath":"hplass/projects/KristinaNewModels/cf/ncf.scene.json"},"root":{"object_class":"SceneNode","name":"root","uid":"@NODE-d6fd85-1c9-12f4411-5","layers":3,"flags":{"visible":true,"is_static":false,"selectable":true,"locked":false,"two_sided":false,"flip_normals":false,"cast_shadows":true,"receive_shadows":true,"ignore_lights":false,"depth_test":true,"depth_write":true,"alpha_test":false,"alpha_shadows":false},"extra":{},"children":[{"object_class":"SceneNode","name":"AgentController","uid":"@NODE-d6fd85-3b969eb-1b8f68b-b79","layers":3,"flags":{"visible":true,"is_static":false,"selectable":true,"locked":false},"children":[{"object_class":"SceneNode","name":"cf.dae","uid":"@NODE-d6fd85-78b54-101e9b2-ff","layers":3,"flags":{"visible":true,"is_static":false,"selectable":true,"locked":false},"children":[{"object_class":"SceneNode","name":"Armature","uid":"@cf::Armature","layers":3,"node_type":"NODE","flags":{"visible":true,"is_static":false,"selectable":true,"locked":false},"children":[{"object_class":"SceneNode","name":"mixamorig_Hips","uid":"@cf::mixamorig_Hips","layers":3,"node_type":"JOINT","flags":{"visible":true,"is_static":false,"selectable":true,"locked":false},"children":[{"object_class":"SceneNode","name":"mixamorig_Spine","uid":"@cf::mixamorig_Spine","layers":3,"node_type":"JOINT","flags":{"visible":true,"is_static":false,"selectable":true,"locked":false},"children":[{"object_class":"SceneNode","name":"mixamorig_Spine1","uid":"@cf::mixamorig_Spine1","layers":3,"node_type":"JOINT","flags":{"visible":true,"is_static":false,"selectable":true,"locked":false},"children":[{"object_class":"SceneNode","name":"mixamorig_Spine2","uid":"@cf::mixamorig_Spine2","layers":3,"node_type":"JOINT","flags":{"visible":true,"is_static":false,"selectable":true,"locked":false},"children":[{"object_class":"SceneNode","name":"mixamorig_Neck","uid":"@cf::mixamorig_Neck","layers":3,"node_type":"JOINT","flags":{"visible":true,"is_static":false,"selectable":true,"locked":true},"children":[{"object_class":"SceneNode","name":"mixamorig_Head","uid":"@cf::mixamorig_Head","layers":3,"node_type":"JOINT","flags":{"visible":true,"is_static":false,"selectable":true,"locked":true},"children":[{"object_class":"SceneNode","name":"mixamorig_RightEye","uid":"@cf::mixamorig_RightEye","layers":3,"node_type":"JOINT","flags":{"visible":true,"is_static":false,"selectable":true,"locked":false},"components":[["Transform",{"object_class":"Transform","uid":"@COMP-d6fd85-78b55-1e3a6ad-114","position":[-3.2026329040527344,6.538605213165283,9.225983619689941],"rotation":[0.022176699712872505,0.04302593693137169,-0.0010536789195612073,0.9988272190093994],"scaling":[1,0.9999998807907104,1],"matrix":[0.9962953329086304,-0.00019653979688882828,-0.08599768579006195,0,0.004013232421129942,0.9990140199661255,0.044210709631443024,0,0.08590421825647354,-0.04439205303788185,0.9953139424324036,0,-3.2026329040527344,6.538605213165283,9.225983619689941,1]}],["LookAt",{"enabled":true,"nodeTarget":"lookAtEyes","front":5,"up":3,"initial_rotation":[0,0,0],"lock_to_axis":1,"lim_horizontal":false,"limit_horizontal":[0,0],"lim_vertical":false,"limit_vertical":[0,0],"react_speed":0.95,"influence":1,"applyRotation":true,"uid":"@COMP-d6fd85-2edc1e-15a3abf-5fa","object_class":"LookAt"}]]},{"object_class":"SceneNode","name":"mixamorig_LeftEye","uid":"@cf::mixamorig_LeftEye","layers":3,"node_type":"JOINT","flags":{"visible":true,"is_static":false,"selectable":true,"locked":false},"components":[["Transform",{"object_class":"Transform","uid":"@COMP-d6fd85-78b55-124a9d7-116","position":[3.2083940505981445,6.5386810302734375,9.226497650146484],"rotation":[0.022266848012804985,0.017378007993102074,-0.00042684393702074885,0.9996009469032288],"scaling":[1,0.9999998807907104,1],"matrix":[0.9993956685066223,-0.00007944028038764372,-0.034761156886816025,0,0.001627253950573504,0.9990078806877136,0.044501084834337234,0,0.03472313657402992,-0.04453076049685478,0.9984043836593628,0,3.2083940505981445,6.5386810302734375,9.226497650146484,1]}],["LookAt",{"enabled":true,"nodeTarget":"lookAtEyes","front":5,"up":3,"initial_rotation":[0,0,0],"lock_to_axis":1,"lim_horizontal":false,"limit_horizontal":[0,0],"lim_vertical":false,"limit_vertical":[0,0],"react_speed":0.95,"influence":1,"applyRotation":true,"uid":"@COMP-d6fd85-2f1c58-1493b39-5fb","object_class":"LookAt"}]]},{"object_class":"SceneNode","name":"mixamorig_HeadTop_End","uid":"@cf::mixamorig_HeadTop_End","layers":3,"node_type":"JOINT","flags":{"visible":true,"is_static":false,"selectable":true,"locked":false},"components":[["Transform",{"object_class":"Transform","uid":"@COMP-d6fd85-78b55-1e2e5f9-118","position":[-0.0000030000198876223294,17.690460205078125,2.5764319896698],"rotation":[-4.004682452318775e-8,-2.6077019654735523e-8,0.000001452222250009072,1],"scaling":[1,0.9999998807907104,1],"matrix":[1,0.000002904444500018144,5.2153922069919645e-8,0,-0.000002904444045270793,0.9999998807907104,-8.009372010064908e-8,0,-5.2154156549022446e-8,8.009357088667457e-8,1,0,-0.0000030000198876223294,17.690460205078125,2.5764319896698,1]}]]}],"components":[["Transform",{"object_class":"Transform","uid":"@COMP-d6fd85-78b55-1c673c9-112","position":[0.000025999999706982635,9.47418212890625,1.680312991142273],"rotation":[-0.01524653472006321,-0.03076634183526039,0.023060254752635956,0.9991447925567627],"scaling":[1,1,1],"matrix":[0.9970433115959167,0.04701922833919525,0.060776881873607635,0,-0.04514290764927864,0.9984715580940247,-0.03188595175743103,0,-0.06218323856592178,0.02904803305864334,0.997641921043396,0,0.000025999999706982635,9.47418212890625,1.680312991142273,1]}],["LookAt",{"enabled":true,"nodeTarget":"lookAtHead","front":5,"up":3,"initial_rotation":[0,0,0],"lock_to_axis":1,"lim_horizontal":false,"limit_horizontal":[0,0],"lim_vertical":false,"limit_vertical":[0,0],"react_speed":0.05,"influence":1,"applyRotation":true,"uid":"@COMP-d6fd85-2e9332-1fdf72f-5f9","object_class":"LookAt"}]]}],"components":[["Transform",{"object_class":"Transform","uid":"@COMP-d6fd85-78b55-13e45f6-110","position":[0.000014276400179369375,16.2412109375,-2.5091710090637207],"rotation":[0.017017684876918793,-0.006749421823769808,-0.01071125641465187,0.9997750520706177],"scaling":[1,0.9999998807907104,1],"matrix":[0.999679446220398,-0.021647412329912186,0.013131245970726013,0,0.021187972277402878,0.9991912245750427,0.03417230024933815,0,-0.013860369101166725,-0.033883124589920044,0.999329686164856,0,0.000014276400179369375,16.2412109375,-2.5091710090637207,1]}]]},{"object_class":"SceneNode","name":"mixamorig_LeftShoulder","uid":"@cf::mixamorig_LeftShoulder","layers":3,"node_type":"JOINT","flags":{"visible":true,"is_static":false,"selectable":true,"locked":false},"children":[{"object_class":"SceneNode","name":"mixamorig_LeftArm","uid":"@cf::mixamorig_LeftArm","layers":3,"node_type":"JOINT","flags":{"visible":true,"is_static":false,"selectable":true,"locked":false},"children":[{"object_class":"SceneNode","name":"mixamorig_LeftForeArm","uid":"@cf::mixamorig_LeftForeArm","layers":3,"node_type":"JOINT","flags":{"visible":true,"is_static":false,"selectable":true,"locked":false},"children":[{"object_class":"SceneNode","name":"mixamorig_LeftHand","uid":"@cf::mixamorig_LeftHand","layers":3,"node_type":"JOINT","flags":{"visible":true,"is_static":false,"selectable":true,"locked":false},"children":[{"object_class":"SceneNode","name":"mixamorig_LeftHandThumb1","uid":"@cf::mixamorig_LeftHandThumb1","layers":3,"node_type":"JOINT","flags":{"visible":true,"is_static":false,"selectable":true,"locked":false},"children":[{"object_class":"SceneNode","name":"mixamorig_LeftHandThumb2","uid":"@cf::mixamorig_LeftHandThumb2","layers":3,"node_type":"JOINT","flags":{"visible":true,"is_static":false,"selectable":true,"locked":false},"children":[{"object_class":"SceneNode","name":"mixamorig_LeftHandThumb3","uid":"@cf::mixamorig_LeftHandThumb3","layers":3,"node_type":"JOINT","flags":{"visible":true,"is_static":false,"selectable":true,"locked":false},"children":[{"object_class":"SceneNode","name":"mixamorig_LeftHandThumb4","uid":"@cf::mixamorig_LeftHandThumb4","layers":3,"node_type":"JOINT","flags":{"visible":true,"is_static":false,"selectable":true,"locked":false},"components":[["Transform",{"object_class":"Transform","uid":"@COMP-d6fd85-78b55-1e37dc9-128","position":[1.6027909517288208,-1.153136968612671,1.5545450448989868],"rotation":[-1.49011496475282e-8,1.490115142388504e-8,2.980230107141324e-8,1],"scaling":[0.9999998807907104,1,1],"matrix":[0.9999998807907104,5.960459503739912e-8,-2.98022992950564e-8,0,-5.960460214282648e-8,1,-2.98022992950564e-8,0,2.980230284777008e-8,2.98022992950564e-8,1,0,1.6027909517288208,-1.153136968612671,1.5545450448989868,1]}]]}],"components":[["Transform",{"object_class":"Transform","uid":"@COMP-d6fd85-78b55-1a5f95b-126","position":[2.599785089492798,-1.6273959875106812,1.4909169673919678],"rotation":[0.10313569754362106,0.25692442059516907,0.0284739900380373,0.9604905247688293],"scaling":[1.0000003576278687,0.9999982714653015,1.0000001192092896],"matrix":[0.8663584589958191,0.10769419372081757,-0.4876737594604492,0,-0.0017018336802721024,0.9771028757095337,0.21275267004966736,0,0.4994203746318817,-0.18349041044712067,0.8467058539390564,0,2.599785089492798,-1.6273959875106812,1.4909169673919678,1]}]]}],"components":[["Transform",{"object_class":"Transform","uid":"@COMP-d6fd85-78b55-13641e3-124","position":[2.6174700260162354,-2.0381009578704834,2.497157096862793],"rotation":[0.004821556154638529,0.08970997482538223,0.0230515506118536,0.9956894516944885],"scaling":[0.9999991655349731,1.0000005960464478,1.000000238418579],"matrix":[0.9828406572341919,0.04676941782236099,-0.17842411994934082,0,-0.04503931477665901,0.9988913536071777,0.013737461529672146,0,0.17886888980865479,-0.005465638358145952,0.9838579893112183,0,2.6174700260162354,-2.0381009578704834,2.497157096862793,1]}]]}],"components":[["Transform",{"object_class":"Transform","uid":"@COMP-d6fd85-78b55-176a56f-122","position":[1.9701459407806396,-1.4224400520324707,3.119813919067383],"rotation":[0.03829720988869667,0.1284186840057373,0.07600882649421692,0.9880610704421997],"scaling":[1.0000009536743164,0.9999997615814209,0.9999992847442627],"matrix":[0.9554634690284729,0.160039022564888,-0.24794939160346985,0,-0.1403665393590927,0.9855117201805115,0.09520184993743896,0,0.2595926821231842,-0.05615801736712456,0.964083194732666,0,1.9701459407806396,-1.4224400520324707,3.119813919067383,1]}]]},{"object_class":"SceneNode","name":"mixamorig_LeftHandIndex1","uid":"@cf::mixamorig_LeftHandIndex1","layers":3,"node_type":"JOINT","flags":{"visible":true,"is_static":false,"selectable":true,"locked":false},"children":[{"object_class":"SceneNode","name":"mixamorig_LeftHandIndex2","uid":"@cf::mixamorig_LeftHandIndex2","layers":3,"node_type":"JOINT","flags":{"visible":true,"is_static":false,"selectable":true,"locked":false},"children":[{"object_class":"SceneNode","name":"mixamorig_LeftHandIndex3","uid":"@cf::mixamorig_LeftHandIndex3","layers":3,"node_type":"JOINT","flags":{"visible":true,"is_static":false,"selectable":true,"locked":false},"children":[{"object_class":"SceneNode","name":"mixamorig_LeftHandIndex4","uid":"@cf::mixamorig_LeftHandIndex4","layers":3,"node_type":"JOINT","flags":{"visible":true,"is_static":false,"selectable":true,"locked":false},"components":[["Transform",{"object_class":"Transform","uid":"@COMP-d6fd85-78b55-1d69034-130","position":[2.2761149406433105,-0.6651610732078552,0.2465849071741104],"rotation":[0,1.7695150233976165e-8,5.07570767638299e-8,1],"scaling":[0.9999998807907104,1,0.9999998807907104],"matrix":[0.9999998807907104,1.0151413931680509e-7,-3.539029691523865e-8,0,-1.015141535276598e-7,1,1.796308276956352e-15,0,3.539029691523865e-8,1.796308065198115e-15,0.9999998807907104,0,2.2761149406433105,-0.6651610732078552,0.2465849071741104,1]}]]}],"components":[["Transform",{"object_class":"Transform","uid":"@COMP-d6fd85-78b55-1256ecf-12e","position":[2.6903839111328125,-0.9161605834960938,0.4159688949584961],"rotation":[0.012025050818920135,-0.029411129653453827,-0.16246074438095093,0.9862032532691956],"scaling":[1.000001072883606,0.9999998807907104,0.9999998211860657],"matrix":[0.9454839825630188,-0.3211463391780853,0.05410356447100639,0,0.3197312653064728,0.9469236731529236,0.03327459096908569,0,-0.06191788986325264,-0.014161977916955948,0.9979805946350098,0,2.6903839111328125,-0.9161605834960938,0.4159688949584961,1]}]]}],"components":[["Transform",{"object_class":"Transform","uid":"@COMP-d6fd85-78b55-1535c4a-12c","position":[3.525696039199829,-0.8671875,0.48719409108161926],"rotation":[0.02410205453634262,-0.007960322313010693,-0.18067114055156708,0.9832159876823425],"scaling":[0.999998927116394,0.9999997615814209,1],"matrix":[0.9345881342887878,-0.3556608259677887,0.006944333668798208,0,0.35489368438720703,0.9335538148880005,0.05027144029736519,0,-0.02436252310872078,-0.04451864957809448,0.9987114667892456,0,3.525696039199829,-0.8671875,0.48719409108161926,1]}]]}],"components":[["Transform",{"object_class":"Transform","uid":"@COMP-d6fd85-78b55-19e76ab-12a","position":[8.687095642089844,-1.4920120239257812,3.1709630489349365],"rotation":[0.0033919024281203747,0.008730066940188408,-0.020904792472720146,0.9997376203536987],"scaling":[1.0000007152557373,1.0000003576278687,0.9999998211860657],"matrix":[0.9989742636680603,-0.04173942282795906,-0.0175973791629076,0,0.04185785353183746,0.999103307723999,0.0064170267432928085,0,0.01731373555958271,-0.007147023919969797,0.9998244047164917,0,8.687095642089844,-1.4920120239257812,3.1709630489349365,1]}]]},{"object_class":"SceneNode","name":"mixamorig_LeftHandMiddle1","uid":"@cf::mixamorig_LeftHandMiddle1","layers":3,"node_type":"JOINT","flags":{"visible":true,"is_static":false,"selectable":true,"locked":false},"children":[{"object_class":"SceneNode","name":"mixamorig_LeftHandMiddle2","uid":"@cf::mixamorig_LeftHandMiddle2","layers":3,"node_type":"JOINT","flags":{"visible":true,"is_static":false,"selectable":true,"locked":false},"children":[{"object_class":"SceneNode","name":"mixamorig_LeftHandMiddle3","uid":"@cf::mixamorig_LeftHandMiddle3","layers":3,"node_type":"JOINT","flags":{"visible":true,"is_static":false,"selectable":true,"locked":false},"children":[{"object_class":"SceneNode","name":"mixamorig_LeftHandMiddle4","uid":"@cf::mixamorig_LeftHandMiddle4","layers":3,"node_type":"JOINT","flags":{"visible":true,"is_static":false,"selectable":true,"locked":false},"components":[["Transform",{"object_class":"Transform","uid":"@COMP-d6fd85-78b55-14657f5-138","position":[2.7754969596862793,-0.5079498291015625,0.1166858971118927],"rotation":[-7.4505748237641e-9,-4.423782939966259e-8,-3.1432154656840794e-8,1],"scaling":[1,1,1],"matrix":[1,-6.286430931368159e-8,8.847565879932517e-8,0,6.286430931368159e-8,1,-1.4901146982992941e-8,0,-8.847565879932517e-8,1.490115231206346e-8,1,0,2.7754969596862793,-0.5079498291015625,0.1166858971118927,1]}]]}],"components":[["Transform",{"object_class":"Transform","uid":"@COMP-d6fd85-78b55-186ebc8-136","position":[2.8207240104675293,-0.8257294297218323,0.07894706726074219],"rotation":[0.007932422682642937,-0.0028701804112643003,-0.24541859328746796,0.9693804979324341],"scaling":[1.0000005960464478,1.0000003576278687,1],"matrix":[0.879523515701294,-0.475853830575943,0.0016710668569430709,0,0.47576263546943665,0.879413902759552,0.01678786799311638,0,-0.009458121843636036,-0.013970280066132545,0.9998576641082764,0,2.8207240104675293,-0.8257294297218323,0.07894706726074219,1]}]]}],"components":[["Transform",{"object_class":"Transform","uid":"@COMP-d6fd85-78b55-1e4c7d4-134","position":[3.6011509895324707,-0.7693787217140198,0.1443748027086258],"rotation":[0.002862845314666629,-0.017342519015073776,-0.2125374972820282,0.9769948124885559],"scaling":[0.9999991655349731,1.000000238418579,0.9999999403953552],"matrix":[0.9090533256530762,-0.41539499163627625,0.03267015144228935,0,0.41519686579704285,0.9096394777297974,0.012965844012796879,0,-0.035104021430015564,0.0017779009649530053,0.9993820190429688,0,3.6011509895324707,-0.7693787217140198,0.1443748027086258,1]}]]}],"components":[["Transform",{"object_class":"Transform","uid":"@COMP-d6fd85-78b55-1d015d9-132","position":[9.343276977539062,-1.4580990076065063,0.9157677292823792],"rotation":[-0.0011382936500012875,-0.033382728695869446,-0.0729420930147171,0.9967767000198364],"scaling":[1.0000003576278687,1.0000005960464478,1.0000001192092896],"matrix":[0.9871304631233215,-0.1453379988670349,0.06671633571386337,0,0.14549005031585693,0.9893569350242615,0.002600764622911811,0,-0.0663842037320137,0.007139262277632952,0.9977687001228333,0,9.343276977539062,-1.4580990076065063,0.9157677292823792,1]}]]},{"object_class":"SceneNode","name":"mixamorig_LeftHandRing1","uid":"@cf::mixamorig_LeftHandRing1","layers":3,"node_type":"JOINT","flags":{"visible":true,"is_static":false,"selectable":true,"locked":false},"children":[{"object_class":"SceneNode","name":"mixamorig_LeftHandRing2","uid":"@cf::mixamorig_LeftHandRing2","layers":3,"node_type":"JOINT","flags":{"visible":true,"is_static":false,"selectable":true,"locked":false},"children":[{"object_class":"SceneNode","name":"mixamorig_LeftHandRing3","uid":"@cf::mixamorig_LeftHandRing3","layers":3,"node_type":"JOINT","flags":{"visible":true,"is_static":false,"selectable":true,"locked":false},"children":[{"object_class":"SceneNode","name":"mixamorig_LeftHandRing4","uid":"@cf::mixamorig_LeftHandRing4","layers":3,"node_type":"JOINT","flags":{"visible":true,"is_static":false,"selectable":true,"locked":false},"components":[["Transform",{"object_class":"Transform","uid":"@COMP-d6fd85-78b55-111ab7a-140","position":[2.5450589656829834,-0.6666793823242188,-0.19388960301876068],"rotation":[2.9802249557064897e-8,-3.5390250729960826e-8,-4.190953006855125e-8,1],"scaling":[1,0.9999998807907104,1],"matrix":[1,-8.38190601371025e-8,7.078050145992165e-8,0,8.381905303167514e-8,0.9999998807907104,5.9604495561416115e-8,0,-7.078050145992165e-8,-5.9604495561416115e-8,1,0,2.5450589656829834,-0.6666793823242188,-0.19388960301876068,1]}]]}],"components":[["Transform",{"object_class":"Transform","uid":"@COMP-d6fd85-78b55-180d2da-13e","position":[2.849159002304077,-0.6459274291992188,-0.18471530079841614],"rotation":[-0.021667590364813805,-0.01368351373821497,-0.2613905668258667,0.9648928642272949],"scaling":[0.9999995827674866,0.9999998807907104,0.9999998211860657],"matrix":[0.8629751205444336,-0.5038345456123352,0.037733640521764755,0,0.5050206780433655,0.862410843372345,-0.03466032072901726,0,-0.015078838914632797,0.048967283219099045,0.9986863732337952,0,2.849159002304077,-0.6459274291992188,-0.18471530079841614,1]}]]}],"components":[["Transform",{"object_class":"Transform","uid":"@COMP-d6fd85-78b55-14c65da-13c","position":[3.0857698917388916,-0.5476226806640625,-0.2384795993566513],"rotation":[-0.023096930235624313,-0.005541767459362745,-0.3181401491165161,0.9477460980415344],"scaling":[0.9999997019767761,1.000000238418579,0.9999995827674866],"matrix":[0.7975120544433594,-0.6027759909629822,0.02520049177110195,0,0.6032882928848267,0.796506941318512,-0.04025394469499588,0,0.004191742744296789,0.04730615019798279,0.9988712072372437,0,3.0857698917388916,-0.5476226806640625,-0.2384795993566513,1]}]]}],"components":[["Transform",{"object_class":"Transform","uid":"@COMP-d6fd85-78b55-16a7efd-13a","position":[9.042503356933594,-1.7652209997177124,-0.9428042769432068],"rotation":[-0.01522458903491497,-0.09418820589780807,-0.12607690691947937,0.9874215722084045],"scaling":[1.0000004768371582,1.000000238418579,1.000000238418579],"matrix":[0.9504668712615967,-0.24611428380012512,0.1898459643125534,0,0.2518501281738281,0.9677459001541138,-0.006316261366009712,0,-0.18216803669929504,0.05381610244512558,0.9817938208580017,0,9.042503356933594,-1.7652209997177124,-0.9428042769432068,1]}]]},{"object_class":"SceneNode","name":"mixamorig_LeftHandPinky1","uid":"@cf::mixamorig_LeftHandPinky1","layers":3,"node_type":"JOINT","flags":{"visible":true,"is_static":false,"selectable":true,"locked":false},"children":[{"object_class":"SceneNode","name":"mixamorig_LeftHandPinky2","uid":"@cf::mixamorig_LeftHandPinky2","layers":3,"node_type":"JOINT","flags":{"visible":true,"is_static":false,"selectable":true,"locked":false},"children":[{"object_class":"SceneNode","name":"mixamorig_LeftHandPinky3","uid":"@cf::mixamorig_LeftHandPinky3","layers":3,"node_type":"JOINT","flags":{"visible":true,"is_static":false,"selectable":true,"locked":false},"children":[{"object_class":"SceneNode","name":"mixamorig_LeftHandPinky4","uid":"@cf::mixamorig_LeftHandPinky4","layers":3,"node_type":"JOINT","flags":{"visible":true,"is_static":false,"selectable":true,"locked":false},"components":[["Transform",{"object_class":"Transform","uid":"@COMP-d6fd85-78b56-1c515f5-148","position":[1.8978270292282104,-0.29604339599609375,-0.4328269958496094],"rotation":[7.45057571194252e-9,-1.862645149230957e-9,3.725300068424531e-9,1],"scaling":[0.9999998807907104,1,1],"matrix":[0.9999998807907104,7.450599248670642e-9,3.7252898543727042e-9,0,-7.450600136849062e-9,1,1.490115142388504e-8,0,-3.725290298461914e-9,-1.490115142388504e-8,1,0,1.8978270292282104,-0.29604339599609375,-0.4328269958496094,1]}]]}],"components":[["Transform",{"object_class":"Transform","uid":"@COMP-d6fd85-78b56-131a504-146","position":[2.024817943572998,-0.3892974853515625,-0.4330444037914276],"rotation":[-0.09758611023426056,-0.008125098422169685,-0.4388728141784668,0.8931974172592163],"scaling":[1,0.9999995231628418,1],"matrix":[0.6146492958068848,-0.7824143171310425,0.10017041862010956,0,0.7855855822563171,0.5957348942756653,-0.16719548404216766,0,0.07114114612340927,0.18145909905433655,0.9808218479156494,0,2.024817943572998,-0.3892974853515625,-0.4330444037914276,1]}]]}],"components":[["Transform",{"object_class":"Transform","uid":"@COMP-d6fd85-78b56-1851c6c-144","position":[3.4386980533599854,-0.6355133056640625,-0.801170289516449],"rotation":[-0.048046767711639404,-0.02745802514255047,-0.2352760136127472,0.9703518748283386],"scaling":[0.9999991655349731,1.0000003576278687,0.9999994039535522],"matrix":[0.8877817988395691,-0.453962117433548,0.07589633017778397,0,0.45923975110054016,0.8846737146377563,-0.08032414317131042,0,-0.03067936934530735,0.10616490989923477,0.9938745498657227,0,3.4386980533599854,-0.6355133056640625,-0.801170289516449,1]}]]}],"components":[["Transform",{"object_class":"Transform","uid":"@COMP-d6fd85-78b55-1cbc2f7-142","position":[8.093711853027344,-2.3812639713287354,-2.8671700954437256],"rotation":[-0.032966986298561096,-0.1451791673898697,-0.1595757007598877,0.975895345211029],"scaling":[1.0000004768371582,1.0000004768371582,0.999999463558197],"matrix":[0.9069176316261292,-0.30188629031181335,0.29388096928596497,0,0.32103076577186584,0.9468980431556702,-0.01801053062081337,0,-0.27283772826194763,0.11067873239517212,0.9556718468666077,0,8.093711853027344,-2.3812639713287354,-2.8671700954437256,1]}]]}],"components":[["Transform",{"object_class":"Transform","uid":"@COMP-d6fd85-78b55-14f8d4d-120","position":[28.18029022216797,-0.7194672226905823,1.5765889883041382],"rotation":[-0.03700605407357216,-0.016594404354691505,0.04744945093989372,0.9980499744415283],"scaling":[0.949999988079071,0.949999988079071,0.949999988079071],"matrix":[0.9451990127563477,0.09114493429660797,0.028131643310189247,0,-0.08881137520074844,0.9431203007698059,-0.07167044281959534,0,-0.03480412811040878,0.0686783418059349,0.9468748569488525,0,28.18029022216797,-0.7194672226905823,1.5765889883041382,1]}]]}],"components":[["Transform",{"object_class":"Transform","uid":"@COMP-d6fd85-78b55-159cbf2-11e","position":[27.62042999267578,-1.1488490104675293,-2.3319809436798096],"rotation":[-0.00844682939350605,-0.0470011867582798,-0.00790123175829649,0.9988278746604919],"scaling":[0.949999988079071,0.949999988079071,0.949999988079071],"matrix":[0.9456840753555298,-0.01424042321741581,0.08932438492774963,0,0.015749065205454826,0.949745774269104,-0.015324567444622517,0,-0.08907077461481094,0.016735762357711792,0.9456670880317688,0,27.62042999267578,-1.1488490104675293,-2.3319809436798096,1]}]]}],"components":[["Transform",{"object_class":"Transform","uid":"@COMP-d6fd85-78b55-1a9049f-11c","position":[10.565750122070312,-0.4969176948070526,-2.227947950363159],"rotation":[0.11536812037229538,-0.17225512862205505,-0.5265756249427795,0.8244613409042358],"scaling":[1.0000007152557373,0.9999999403953552,1.0000009536743164],"matrix":[0.3860928416252136,-0.9080286622047424,0.1625354290008545,0,0.8285369277000427,0.41881659626960754,0.3716437816619873,0,-0.40553584694862366,-0.00882241502404213,0.9140376448631287,0,10.565750122070312,-0.4969176948070526,-2.227947950363159,1]}]]}],"components":[["Transform",{"object_class":"Transform","uid":"@COMP-d6fd85-78b55-1f2413f-11a","position":[4.560084819793701,10.737750053405762,-2.622025966644287],"rotation":[0.005444974638521671,0.007629815489053726,-0.09909689426422119,0.9950336217880249],"scaling":[0.9999999403953552,0.9999991655349731,0.9999989867210388],"matrix":[0.9802431464195251,-0.1971263736486435,-0.016263004392385483,0,0.19729240238666534,0.9802994728088379,0.009323676116764545,0,0.014104671776294708,-0.012348035350441933,0.999823272228241,0,4.560084819793701,10.737750053405762,-2.622025966644287,1]}]]},{"object_class":"SceneNode","name":"mixamorig_RightShoulder","uid":"@cf::mixamorig_RightShoulder","layers":3,"node_type":"JOINT","flags":{"visible":true,"is_static":false,"selectable":true,"locked":false},"children":[{"object_class":"SceneNode","name":"mixamorig_RightArm","uid":"@cf::mixamorig_RightArm","layers":3,"node_type":"JOINT","flags":{"visible":true,"is_static":false,"selectable":true,"locked":false},"children":[{"object_class":"SceneNode","name":"mixamorig_RightForeArm","uid":"@cf::mixamorig_RightForeArm","layers":3,"node_type":"JOINT","flags":{"visible":true,"is_static":false,"selectable":true,"locked":false},"children":[{"object_class":"SceneNode","name":"mixamorig_RightHand","uid":"@cf::mixamorig_RightHand","layers":3,"node_type":"JOINT","flags":{"visible":true,"is_static":false,"selectable":true,"locked":false},"children":[{"object_class":"SceneNode","name":"mixamorig_RightHandPinky1","uid":"@cf::mixamorig_RightHandPinky1","layers":3,"node_type":"JOINT","flags":{"visible":true,"is_static":false,"selectable":true,"locked":false},"children":[{"object_class":"SceneNode","name":"mixamorig_RightHandPinky2","uid":"@cf::mixamorig_RightHandPinky2","layers":3,"node_type":"JOINT","flags":{"visible":true,"is_static":false,"selectable":true,"locked":false},"children":[{"object_class":"SceneNode","name":"mixamorig_RightHandPinky3","uid":"@cf::mixamorig_RightHandPinky3","layers":3,"node_type":"JOINT","flags":{"visible":true,"is_static":false,"selectable":true,"locked":false},"children":[{"object_class":"SceneNode","name":"mixamorig_RightHandPinky4","uid":"@cf::mixamorig_RightHandPinky4","layers":3,"node_type":"JOINT","flags":{"visible":true,"is_static":false,"selectable":true,"locked":false},"components":[["Transform",{"object_class":"Transform","uid":"@COMP-d6fd85-78b56-12ed88e-158","position":[-1.8978960514068604,-0.2960815131664276,-0.4322662055492401],"rotation":[0,5.9662932372361865e-9,2.40397035611295e-8,1],"scaling":[0.9999998807907104,1,1],"matrix":[0.9999998807907104,4.807940001683164e-8,-1.1932584698115534e-8,0,-4.8079407122259e-8,1,2.8685583381000653e-16,0,1.1932586474472373e-8,2.8685583381000653e-16,1,0,-1.8978960514068604,-0.2960815131664276,-0.4322662055492401,1]}]]}],"components":[["Transform",{"object_class":"Transform","uid":"@COMP-d6fd85-78b56-13eeade-156","position":[-2.0248570442199707,-0.3893432915210724,-0.4324454963207245],"rotation":[-0.08828514069318771,0.008893309161067009,0.3936692774295807,0.9149596095085144],"scaling":[1.0000003576278687,1.0000005960464478,0.9999998807907104],"matrix":[0.6898910403251648,0.7188129425048828,-0.08578436076641083,0,-0.7219536900520325,0.6744608879089355,-0.15455271303653717,0,-0.05323624983429909,0.16855670511722565,0.9842531681060791,0,-2.0248570442199707,-0.3893432915210724,-0.4324454963207245,1]}]]}],"components":[["Transform",{"object_class":"Transform","uid":"@COMP-d6fd85-78b56-13d426d-154","position":[-3.4389190673828125,-0.6356735229492188,-0.8002051711082458],"rotation":[-0.05424048751592636,-0.007889212109148502,0.25204217433929443,0.9661627411842346],"scaling":[0.9999994039535522,0.9999999403953552,0.9999995827674866],"matrix":[0.872824490070343,0.487883061170578,-0.012097247876226902,0,-0.4861716628074646,0.8670653700828552,-0.10878709703683853,0,-0.04258628934621811,0.10083340108394623,0.9939910173416138,0,-3.4389190673828125,-0.6356735229492188,-0.8002051711082458,1]}]]}],"components":[["Transform",{"object_class":"Transform","uid":"@COMP-d6fd85-78b56-10f7d95-152","position":[-8.094078063964844,-2.3787310123443604,-2.8652689456939697],"rotation":[-0.03944626823067665,0.16153335571289062,0.17538490891456604,0.9703561663627625],"scaling":[1.000000238418579,1.0000004768371582,0.9999991655349731],"matrix":[0.8862944841384888,0.327627956867218,-0.3273264169692993,0,-0.35311561822891235,0.9353686571121216,-0.019892843440175056,0,0.29965296387672424,0.1332147866487503,0.9447011351585388,0,-8.094078063964844,-2.3787310123443604,-2.8652689456939697,1]}]]},{"object_class":"SceneNode","name":"mixamorig_RightHandRing1","uid":"@cf::mixamorig_RightHandRing1","layers":3,"node_type":"JOINT","flags":{"visible":true,"is_static":false,"selectable":true,"locked":false},"children":[{"object_class":"SceneNode","name":"mixamorig_RightHandRing2","uid":"@cf::mixamorig_RightHandRing2","layers":3,"node_type":"JOINT","flags":{"visible":true,"is_static":false,"selectable":true,"locked":false},"children":[{"object_class":"SceneNode","name":"mixamorig_RightHandRing3","uid":"@cf::mixamorig_RightHandRing3","layers":3,"node_type":"JOINT","flags":{"visible":true,"is_static":false,"selectable":true,"locked":false},"children":[{"object_class":"SceneNode","name":"mixamorig_RightHandRing4","uid":"@cf::mixamorig_RightHandRing4","layers":3,"node_type":"JOINT","flags":{"visible":true,"is_static":false,"selectable":true,"locked":false},"components":[["Transform",{"object_class":"Transform","uid":"@COMP-d6fd85-78b56-1b7dd9e-160","position":[-2.5449678897857666,-0.6667786240577698,-0.19313429296016693],"rotation":[7.45057571194252e-9,1.3038501833761984e-8,4.912730489081696e-8,1],"scaling":[0.9999998807907104,1,1],"matrix":[0.9999998807907104,9.82545955707792e-8,-2.607700011481029e-8,0,-9.825460978163392e-8,1,1.490115231206346e-8,0,2.6077003667523968e-8,-1.490115053570662e-8,1,0,-2.5449678897857666,-0.6667786240577698,-0.19313429296016693,1]}]]}],"components":[["Transform",{"object_class":"Transform","uid":"@COMP-d6fd85-78b56-1a1c84a-15e","position":[-2.849212884902954,-0.6461638808250427,-0.18388749659061432],"rotation":[-0.016593242064118385,0.013391927815973759,0.24844308197498322,0.9684117436408997],"scaling":[0.999998927116394,0.9999998807907104,0.9999999403953552],"matrix":[0.8761924505233765,0.48074546456336975,-0.03418271616101265,0,-0.4816347658634186,0.8760012984275818,-0.025483913719654083,0,0.017692845314741135,0.0387924425303936,0.9990905523300171,0,-2.849212884902954,-0.6461638808250427,-0.18388749659061432,1]}]]}],"components":[["Transform",{"object_class":"Transform","uid":"@COMP-d6fd85-78b56-1a1edc3-15c","position":[-3.085875988006592,-0.5477753281593323,-0.2375641018152237],"rotation":[-0.019104430451989174,0.0013227120507508516,0.28344494104385376,0.95879727602005],"scaling":[1.0000009536743164,0.9999997019767761,0.9999992251396179],"matrix":[0.8393152356147766,0.5434824824333191,-0.013366546481847763,0,-0.5435828566551208,0.838587760925293,-0.035884708166122437,0,-0.008293676190078259,0.03738435357809067,0.9992657899856567,0,-3.085875988006592,-0.5477753281593323,-0.2375641018152237,1]}]]}],"components":[["Transform",{"object_class":"Transform","uid":"@COMP-d6fd85-78b56-1e60ad3-15a","position":[-9.042282104492188,-1.762732982635498,-0.9405785202980042],"rotation":[-0.01134644914418459,0.08833711594343185,0.14341823756694794,0.9856464862823486],"scaling":[1,0.9999999403953552,0.9999992251396179],"matrix":[0.9432555437088013,0.280714750289917,-0.17739291489124298,0,-0.2847239673137665,0.9586048722267151,0.002971131354570389,0,0.17088362574577332,0.04770544543862343,0.9841348528862,0,-9.042282104492188,-1.762732982635498,-0.9405785202980042,1]}]]},{"object_class":"SceneNode","name":"mixamorig_RightHandMiddle1","uid":"@cf::mixamorig_RightHandMiddle1","layers":3,"node_type":"JOINT","flags":{"visible":true,"is_static":false,"selectable":true,"locked":false},"children":[{"object_class":"SceneNode","name":"mixamorig_RightHandMiddle2","uid":"@cf::mixamorig_RightHandMiddle2","layers":3,"node_type":"JOINT","flags":{"visible":true,"is_static":false,"selectable":true,"locked":false},"children":[{"object_class":"SceneNode","name":"mixamorig_RightHandMiddle3","uid":"@cf::mixamorig_RightHandMiddle3","layers":3,"node_type":"JOINT","flags":{"visible":true,"is_static":false,"selectable":true,"locked":false},"children":[{"object_class":"SceneNode","name":"mixamorig_RightHandMiddle4","uid":"@cf::mixamorig_RightHandMiddle4","layers":3,"node_type":"JOINT","flags":{"visible":true,"is_static":false,"selectable":true,"locked":false},"components":[["Transform",{"object_class":"Transform","uid":"@COMP-d6fd85-78b56-166ddaf-168","position":[-2.775475025177002,-0.5081406235694885,0.11750789731740952],"rotation":[0,-3.218882582700644e-8,-3.98431510006958e-8,1],"scaling":[0.9999998807907104,1,1],"matrix":[0.9999998807907104,-7.968629489596424e-8,6.437764454858552e-8,0,7.96863020013916e-8,1,2.5650084642815218e-15,0,-6.437765165401288e-8,2.5650084642815218e-15,1,0,-2.775475025177002,-0.5081406235694885,0.11750789731740952,1]}]]}],"components":[["Transform",{"object_class":"Transform","uid":"@COMP-d6fd85-78b56-16604ee-166","position":[-2.8206710815429688,-0.8259047865867615,0.07978249341249466],"rotation":[0.006488331593573093,-0.0007068303530104458,0.1766337901353836,0.9842550158500671],"scaling":[1.0000005960464478,0.999999463558197,0.9999998211860657],"matrix":[0.9376005530357361,0.3476964235305786,0.0036835218779742718,0,-0.3477143943309784,0.9375163316726685,0.012522638775408268,0,0.0009007143671624362,-0.013022043742239475,0.9999146461486816,0,-2.8206710815429688,-0.8259047865867615,0.07978249341249466,1]}]]}],"components":[["Transform",{"object_class":"Transform","uid":"@COMP-d6fd85-78b56-19805f9-164","position":[-3.601111888885498,-0.769508421421051,0.14545440673828125],"rotation":[0.0036728268023580313,0.01667928136885166,0.22925803065299988,0.9732158184051514],"scaling":[0.9999997019767761,1.0000003576278687,1.0000001192092896],"matrix":[0.8943248987197876,0.44635748863220215,-0.03078102134168148,0,-0.446112722158432,0.8948548436164856,0.01479663047939539,0,0.034149136394262314,0.0004988121800124645,0.9994167685508728,0,-3.601111888885498,-0.769508421421051,0.14545440673828125,1]}]]}],"components":[["Transform",{"object_class":"Transform","uid":"@COMP-d6fd85-78b56-1399592-162","position":[-9.342544555664062,-1.455551028251648,0.9181023240089417],"rotation":[-0.0019407074432820082,0.03232674300670624,0.05787074565887451,0.9977986812591553],"scaling":[0.9999997615814209,0.9999994039535522,1.000000238418579],"matrix":[0.9912116527557373,0.11536120623350143,-0.0647357702255249,0,-0.11561211198568344,0.993293821811676,-0.00013132514141034335,0,0.06428655982017517,0.0076144179329276085,0.9979026913642883,0,-9.342544555664062,-1.455551028251648,0.9181023240089417,1]}]]},{"object_class":"SceneNode","name":"mixamorig_RightHandIndex1","uid":"@cf::mixamorig_RightHandIndex1","layers":3,"node_type":"JOINT","flags":{"visible":true,"is_static":false,"selectable":true,"locked":false},"children":[{"object_class":"SceneNode","name":"mixamorig_RightHandIndex2","uid":"@cf::mixamorig_RightHandIndex2","layers":3,"node_type":"JOINT","flags":{"visible":true,"is_static":false,"selectable":true,"locked":false},"children":[{"object_class":"SceneNode","name":"mixamorig_RightHandIndex3","uid":"@cf::mixamorig_RightHandIndex3","layers":3,"node_type":"JOINT","flags":{"visible":true,"is_static":false,"selectable":true,"locked":false},"children":[{"object_class":"SceneNode","name":"mixamorig_RightHandIndex4","uid":"@cf::mixamorig_RightHandIndex4","layers":3,"node_type":"JOINT","flags":{"visible":true,"is_static":false,"selectable":true,"locked":false},"components":[["Transform",{"object_class":"Transform","uid":"@COMP-d6fd85-78b56-1397247-170","position":[-2.2759931087493896,-0.6652374267578125,0.24724289774894714],"rotation":[-2.235172402720309e-8,-1.8626444386882213e-8,2.3283075023528e-8,1],"scaling":[0.9999998807907104,0.9999998807907104,1],"matrix":[0.9999998807907104,4.656614294162864e-8,3.7252885221050747e-8,0,-4.656614294162864e-8,0.9999998807907104,-4.47034445016925e-8,0,-3.7252888773764425e-8,4.470344805440618e-8,1,0,-2.2759931087493896,-0.6652374267578125,0.24724289774894714,1]}]]}],"components":[["Transform",{"object_class":"Transform","uid":"@COMP-d6fd85-78b56-1e7d7ac-16e","position":[-2.6902239322662354,-0.9162368774414062,0.41675570607185364],"rotation":[0.006477402523159981,0.02618095651268959,0.11223787069320679,0.9933152794837952],"scaling":[1.0000005960464478,0.9999994039535522,0.999999463558197],"matrix":[0.9734350442886353,0.22331449389457703,-0.05055789649486542,0,-0.222635880112648,0.97472083568573,0.01874518394470215,0,0.05346587672829628,-0.006991212256252766,0.9985446929931641,0,-2.6902239322662354,-0.9162368774414062,0.41675570607185364,1]}]]}],"components":[["Transform",{"object_class":"Transform","uid":"@COMP-d6fd85-78b56-1dbdfab-16c","position":[-3.525512933731079,-0.8673934936523438,0.48822879791259766],"rotation":[0.017019426450133324,0.003073306055739522,0.12107247114181519,0.9924929738044739],"scaling":[0.9999993443489075,1.0000005960464478,0.9999999403953552],"matrix":[0.9706633687019348,0.24043160676956177,-0.001979299820959568,0,-0.24022269248962402,0.9701042175292969,0.034527529031038284,0,0.010221636854112148,-0.03303913399577141,0.9994017481803894,0,-3.525512933731079,-0.8673934936523438,0.48822879791259766,1]}]]}],"components":[["Transform",{"object_class":"Transform","uid":"@COMP-d6fd85-78b56-1db5343-16a","position":[-8.6856689453125,-1.4894709587097168,3.1730799674987793],"rotation":[0.004691447596997023,-0.008767331019043922,0.031172746792435646,0.9994645714759827],"scaling":[0.9999995231628418,0.9999998211860657,0.9999991059303284],"matrix":[0.9979023337364197,0.06222981959581375,0.017817754298448563,0,-0.062394361943006516,0.9980123043060303,0.008831266313791275,0,-0.01723276823759079,-0.009924465790390968,0.9998013377189636,0,-8.6856689453125,-1.4894709587097168,3.1730799674987793,1]}]]},{"object_class":"SceneNode","name":"mixamorig_RightHandThumb1","uid":"@cf::mixamorig_RightHandThumb1","layers":3,"node_type":"JOINT","flags":{"visible":true,"is_static":false,"selectable":true,"locked":false},"children":[{"object_class":"SceneNode","name":"mixamorig_RightHandT